{
 "cells": [
  {
   "cell_type": "code",
   "execution_count": 2,
   "metadata": {},
   "outputs": [
    {
     "name": "stderr",
     "output_type": "stream",
     "text": [
      "\n",
      "A module that was compiled using NumPy 1.x cannot be run in\n",
      "NumPy 2.0.2 as it may crash. To support both 1.x and 2.x\n",
      "versions of NumPy, modules must be compiled with NumPy 2.0.\n",
      "Some module may need to rebuild instead e.g. with 'pybind11>=2.12'.\n",
      "\n",
      "If you are a user of the module, the easiest solution will be to\n",
      "downgrade to 'numpy<2' or try to upgrade the affected module.\n",
      "We expect that some modules will need time to support NumPy 2.\n",
      "\n",
      "Traceback (most recent call last):  File \"<frozen runpy>\", line 198, in _run_module_as_main\n",
      "  File \"<frozen runpy>\", line 88, in _run_code\n",
      "  File \"c:\\Code\\Repos\\loconsensus\\.venv\\Lib\\site-packages\\ipykernel_launcher.py\", line 18, in <module>\n",
      "    app.launch_new_instance()\n",
      "  File \"c:\\Code\\Repos\\loconsensus\\.venv\\Lib\\site-packages\\traitlets\\config\\application.py\", line 1075, in launch_instance\n",
      "    app.start()\n",
      "  File \"c:\\Code\\Repos\\loconsensus\\.venv\\Lib\\site-packages\\ipykernel\\kernelapp.py\", line 739, in start\n",
      "    self.io_loop.start()\n",
      "  File \"c:\\Code\\Repos\\loconsensus\\.venv\\Lib\\site-packages\\tornado\\platform\\asyncio.py\", line 205, in start\n",
      "    self.asyncio_loop.run_forever()\n",
      "  File \"C:\\Users\\jcremers\\AppData\\Local\\Programs\\Python\\Python312\\Lib\\asyncio\\base_events.py\", line 641, in run_forever\n",
      "    self._run_once()\n",
      "  File \"C:\\Users\\jcremers\\AppData\\Local\\Programs\\Python\\Python312\\Lib\\asyncio\\base_events.py\", line 1986, in _run_once\n",
      "    handle._run()\n",
      "  File \"C:\\Users\\jcremers\\AppData\\Local\\Programs\\Python\\Python312\\Lib\\asyncio\\events.py\", line 88, in _run\n",
      "    self._context.run(self._callback, *self._args)\n",
      "  File \"c:\\Code\\Repos\\loconsensus\\.venv\\Lib\\site-packages\\ipykernel\\kernelbase.py\", line 545, in dispatch_queue\n",
      "    await self.process_one()\n",
      "  File \"c:\\Code\\Repos\\loconsensus\\.venv\\Lib\\site-packages\\ipykernel\\kernelbase.py\", line 534, in process_one\n",
      "    await dispatch(*args)\n",
      "  File \"c:\\Code\\Repos\\loconsensus\\.venv\\Lib\\site-packages\\ipykernel\\kernelbase.py\", line 437, in dispatch_shell\n",
      "    await result\n",
      "  File \"c:\\Code\\Repos\\loconsensus\\.venv\\Lib\\site-packages\\ipykernel\\ipkernel.py\", line 362, in execute_request\n",
      "    await super().execute_request(stream, ident, parent)\n",
      "  File \"c:\\Code\\Repos\\loconsensus\\.venv\\Lib\\site-packages\\ipykernel\\kernelbase.py\", line 778, in execute_request\n",
      "    reply_content = await reply_content\n",
      "  File \"c:\\Code\\Repos\\loconsensus\\.venv\\Lib\\site-packages\\ipykernel\\ipkernel.py\", line 449, in do_execute\n",
      "    res = shell.run_cell(\n",
      "  File \"c:\\Code\\Repos\\loconsensus\\.venv\\Lib\\site-packages\\ipykernel\\zmqshell.py\", line 549, in run_cell\n",
      "    return super().run_cell(*args, **kwargs)\n",
      "  File \"c:\\Code\\Repos\\loconsensus\\.venv\\Lib\\site-packages\\IPython\\core\\interactiveshell.py\", line 3075, in run_cell\n",
      "    result = self._run_cell(\n",
      "  File \"c:\\Code\\Repos\\loconsensus\\.venv\\Lib\\site-packages\\IPython\\core\\interactiveshell.py\", line 3130, in _run_cell\n",
      "    result = runner(coro)\n",
      "  File \"c:\\Code\\Repos\\loconsensus\\.venv\\Lib\\site-packages\\IPython\\core\\async_helpers.py\", line 128, in _pseudo_sync_runner\n",
      "    coro.send(None)\n",
      "  File \"c:\\Code\\Repos\\loconsensus\\.venv\\Lib\\site-packages\\IPython\\core\\interactiveshell.py\", line 3334, in run_cell_async\n",
      "    has_raised = await self.run_ast_nodes(code_ast.body, cell_name,\n",
      "  File \"c:\\Code\\Repos\\loconsensus\\.venv\\Lib\\site-packages\\IPython\\core\\interactiveshell.py\", line 3517, in run_ast_nodes\n",
      "    if await self.run_code(code, result, async_=asy):\n",
      "  File \"c:\\Code\\Repos\\loconsensus\\.venv\\Lib\\site-packages\\IPython\\core\\interactiveshell.py\", line 3577, in run_code\n",
      "    exec(code_obj, self.user_global_ns, self.user_ns)\n",
      "  File \"C:\\Users\\jcremers\\AppData\\Local\\Temp\\ipykernel_25932\\2531008124.py\", line 6, in <module>\n",
      "    from dtaidistance import dtw_ndim\n",
      "  File \"c:\\Code\\Repos\\loconsensus\\.venv\\Lib\\site-packages\\dtaidistance\\__init__.py\", line 19, in <module>\n",
      "    from . import dtw\n",
      "  File \"c:\\Code\\Repos\\loconsensus\\.venv\\Lib\\site-packages\\dtaidistance\\dtw.py\", line 17, in <module>\n",
      "    from . import ed\n",
      "  File \"c:\\Code\\Repos\\loconsensus\\.venv\\Lib\\site-packages\\dtaidistance\\ed.py\", line 16, in <module>\n",
      "    from . import innerdistance\n",
      "  File \"c:\\Code\\Repos\\loconsensus\\.venv\\Lib\\site-packages\\dtaidistance\\innerdistance.py\", line 16, in <module>\n",
      "    from . import util\n",
      "  File \"c:\\Code\\Repos\\loconsensus\\.venv\\Lib\\site-packages\\dtaidistance\\util.py\", line 41, in <module>\n",
      "    from . import dtw_cc_numpy\n",
      "\n",
      "A module that was compiled using NumPy 1.x cannot be run in\n",
      "NumPy 2.0.2 as it may crash. To support both 1.x and 2.x\n",
      "versions of NumPy, modules must be compiled with NumPy 2.0.\n",
      "Some module may need to rebuild instead e.g. with 'pybind11>=2.12'.\n",
      "\n",
      "If you are a user of the module, the easiest solution will be to\n",
      "downgrade to 'numpy<2' or try to upgrade the affected module.\n",
      "We expect that some modules will need time to support NumPy 2.\n",
      "\n",
      "Traceback (most recent call last):  File \"<frozen runpy>\", line 198, in _run_module_as_main\n",
      "  File \"<frozen runpy>\", line 88, in _run_code\n",
      "  File \"c:\\Code\\Repos\\loconsensus\\.venv\\Lib\\site-packages\\ipykernel_launcher.py\", line 18, in <module>\n",
      "    app.launch_new_instance()\n",
      "  File \"c:\\Code\\Repos\\loconsensus\\.venv\\Lib\\site-packages\\traitlets\\config\\application.py\", line 1075, in launch_instance\n",
      "    app.start()\n",
      "  File \"c:\\Code\\Repos\\loconsensus\\.venv\\Lib\\site-packages\\ipykernel\\kernelapp.py\", line 739, in start\n",
      "    self.io_loop.start()\n",
      "  File \"c:\\Code\\Repos\\loconsensus\\.venv\\Lib\\site-packages\\tornado\\platform\\asyncio.py\", line 205, in start\n",
      "    self.asyncio_loop.run_forever()\n",
      "  File \"C:\\Users\\jcremers\\AppData\\Local\\Programs\\Python\\Python312\\Lib\\asyncio\\base_events.py\", line 641, in run_forever\n",
      "    self._run_once()\n",
      "  File \"C:\\Users\\jcremers\\AppData\\Local\\Programs\\Python\\Python312\\Lib\\asyncio\\base_events.py\", line 1986, in _run_once\n",
      "    handle._run()\n",
      "  File \"C:\\Users\\jcremers\\AppData\\Local\\Programs\\Python\\Python312\\Lib\\asyncio\\events.py\", line 88, in _run\n",
      "    self._context.run(self._callback, *self._args)\n",
      "  File \"c:\\Code\\Repos\\loconsensus\\.venv\\Lib\\site-packages\\ipykernel\\kernelbase.py\", line 545, in dispatch_queue\n",
      "    await self.process_one()\n",
      "  File \"c:\\Code\\Repos\\loconsensus\\.venv\\Lib\\site-packages\\ipykernel\\kernelbase.py\", line 534, in process_one\n",
      "    await dispatch(*args)\n",
      "  File \"c:\\Code\\Repos\\loconsensus\\.venv\\Lib\\site-packages\\ipykernel\\kernelbase.py\", line 437, in dispatch_shell\n",
      "    await result\n",
      "  File \"c:\\Code\\Repos\\loconsensus\\.venv\\Lib\\site-packages\\ipykernel\\ipkernel.py\", line 362, in execute_request\n",
      "    await super().execute_request(stream, ident, parent)\n",
      "  File \"c:\\Code\\Repos\\loconsensus\\.venv\\Lib\\site-packages\\ipykernel\\kernelbase.py\", line 778, in execute_request\n",
      "    reply_content = await reply_content\n",
      "  File \"c:\\Code\\Repos\\loconsensus\\.venv\\Lib\\site-packages\\ipykernel\\ipkernel.py\", line 449, in do_execute\n",
      "    res = shell.run_cell(\n",
      "  File \"c:\\Code\\Repos\\loconsensus\\.venv\\Lib\\site-packages\\ipykernel\\zmqshell.py\", line 549, in run_cell\n",
      "    return super().run_cell(*args, **kwargs)\n",
      "  File \"c:\\Code\\Repos\\loconsensus\\.venv\\Lib\\site-packages\\IPython\\core\\interactiveshell.py\", line 3075, in run_cell\n",
      "    result = self._run_cell(\n",
      "  File \"c:\\Code\\Repos\\loconsensus\\.venv\\Lib\\site-packages\\IPython\\core\\interactiveshell.py\", line 3130, in _run_cell\n",
      "    result = runner(coro)\n",
      "  File \"c:\\Code\\Repos\\loconsensus\\.venv\\Lib\\site-packages\\IPython\\core\\async_helpers.py\", line 128, in _pseudo_sync_runner\n",
      "    coro.send(None)\n",
      "  File \"c:\\Code\\Repos\\loconsensus\\.venv\\Lib\\site-packages\\IPython\\core\\interactiveshell.py\", line 3334, in run_cell_async\n",
      "    has_raised = await self.run_ast_nodes(code_ast.body, cell_name,\n",
      "  File \"c:\\Code\\Repos\\loconsensus\\.venv\\Lib\\site-packages\\IPython\\core\\interactiveshell.py\", line 3517, in run_ast_nodes\n",
      "    if await self.run_code(code, result, async_=asy):\n",
      "  File \"c:\\Code\\Repos\\loconsensus\\.venv\\Lib\\site-packages\\IPython\\core\\interactiveshell.py\", line 3577, in run_code\n",
      "    exec(code_obj, self.user_global_ns, self.user_ns)\n",
      "  File \"C:\\Users\\jcremers\\AppData\\Local\\Temp\\ipykernel_25932\\2531008124.py\", line 6, in <module>\n",
      "    from dtaidistance import dtw_ndim\n",
      "  File \"c:\\Code\\Repos\\loconsensus\\.venv\\Lib\\site-packages\\dtaidistance\\__init__.py\", line 19, in <module>\n",
      "    from . import dtw\n",
      "  File \"c:\\Code\\Repos\\loconsensus\\.venv\\Lib\\site-packages\\dtaidistance\\dtw.py\", line 46, in <module>\n",
      "    from . import dtw_cc_numpy\n"
     ]
    }
   ],
   "source": [
    "import pandas as pd\n",
    "import matplotlib.pyplot as plt\n",
    "import pickle\n",
    "import numpy as np\n",
    "from pathlib import Path\n",
    "from dtaidistance import dtw_ndim\n",
    "\n",
    "s_dir = Path('../pickles/subjects.pkl')\n",
    "with open(s_dir, 'rb') as f:\n",
    "    subjects = pickle.load(f)"
   ]
  },
  {
   "cell_type": "code",
   "execution_count": 3,
   "metadata": {},
   "outputs": [],
   "source": [
    "ts_names = [(1, 'walking'), (2, 'walking'), (3, 'walking'), (4, 'walking'), (5, 'walking'), (6, 'walking'), (7, 'walking'), (8, 'walking'), (1, 'cycling'), (2, 'cycling'), (4, 'cycling'), (5, 'cycling'), (6, 'cycling'), (7, 'cycling'), (8, 'cycling'), (1, 'desc_stairs'), (2, 'desc_stairs'), (3, 'desc_stairs'), (4, 'desc_stairs'), (5, 'desc_stairs'), (6, 'desc_stairs'), (7, 'desc_stairs'), (8, 'desc_stairs'), (1, 'rope_jumping'), (2, 'rope_jumping'), (5, 'rope_jumping'), (8, 'rope_jumping'), (9, 'rope_jumping')]\n",
    "gt = [0, 0, 0, 0, 0, 0, 0, 0,  1, 1, 1, 1, 1, 1, 1,      2, 2, 2, 2, 2, 2, 2, 2,      3, 3, 3, 3, 3 ]\n",
    "\n",
    "\n",
    "assert len(ts_names) == len(gt) \n",
    "ts_list = [subjects.get(f'subject10{subject}').get(activity) for (subject, activity) in ts_names]\n",
    "ts_list = [ts[:, 6:] for ts in ts_list]"
   ]
  },
  {
   "cell_type": "code",
   "execution_count": 4,
   "metadata": {},
   "outputs": [
    {
     "name": "stdout",
     "output_type": "stream",
     "text": [
      "[[0.         0.58292914 0.64357327 0.53996235 0.59240933 0.46054558\n",
      "  0.63169523 0.84216303 0.75378438 0.71187572 0.79188839 0.79487836\n",
      "  0.73250853 0.70908639 0.7118078  0.62273053 0.61613167 0.70065273\n",
      "  0.60973328 0.66111625 0.67051277 0.66616557 0.73419952 0.72977577\n",
      "  0.69036231 0.73251612 0.77392166 0.75049205]\n",
      " [0.58292914 0.         0.56359943 0.51123645 0.50509279 0.54923038\n",
      "  0.49422828 0.85499044 0.92543768 0.84148211 1.         0.94289396\n",
      "  0.89622341 0.86561646 0.80583983 0.79221877 0.77014227 0.83141207\n",
      "  0.7783333  0.80298006 0.80689877 0.82264171 0.861535   0.84917269\n",
      "  0.80123567 0.86065452 0.89014606 0.87032844]\n",
      " [0.64357327 0.56359943 0.         0.47684773 0.42323641 0.61370602\n",
      "  0.63019446 0.80375337 0.96118867 0.88916756 0.99868146 0.97485735\n",
      "  0.92486271 0.90731613 0.85471622 0.82853344 0.81914915 0.83181105\n",
      "  0.79586043 0.80371579 0.82928791 0.84311904 0.89020563 0.87973229\n",
      "  0.86278317 0.884566   0.91208675 0.90026273]\n",
      " [0.53996235 0.51123645 0.47684773 0.         0.40719126 0.49171492\n",
      "  0.53732364 0.85966042 0.87295638 0.82559115 0.92223683 0.89654902\n",
      "  0.84378184 0.81882367 0.8405678  0.77138483 0.76199082 0.8168213\n",
      "  0.74266    0.77333015 0.79386931 0.79937547 0.8668343  0.8350328\n",
      "  0.82272722 0.83997822 0.89657785 0.86004787]\n",
      " [0.59240933 0.50509279 0.42323641 0.40719126 0.         0.52692994\n",
      "  0.51311957 0.78284073 0.86832588 0.8338437  0.9235285  0.88581184\n",
      "  0.83858384 0.81828744 0.8458425  0.77506123 0.7660158  0.80945932\n",
      "  0.74627367 0.77199699 0.78805056 0.80313677 0.86126413 0.83841722\n",
      "  0.81504132 0.82668614 0.89630659 0.85039342]\n",
      " [0.46054558 0.54923038 0.61370602 0.49171492 0.52692994 0.\n",
      "  0.56909634 0.78326626 0.71493277 0.69005428 0.81262645 0.73383035\n",
      "  0.68353385 0.64937291 0.73124229 0.63571441 0.62404911 0.69237371\n",
      "  0.61302971 0.64594979 0.66268744 0.67433519 0.74129366 0.73001352\n",
      "  0.68334243 0.7056717  0.77432754 0.7386358 ]\n",
      " [0.63169523 0.49422828 0.63019446 0.53732364 0.51311957 0.56909634\n",
      "  0.         0.9101707  0.8776178  0.87993216 0.96340483 0.90125868\n",
      "  0.86151643 0.8460348  0.92357524 0.81476047 0.81668697 0.8841201\n",
      "  0.80654125 0.84503751 0.85128716 0.84879157 0.90678599 0.84066456\n",
      "  0.84294958 0.86165281 0.95973272 0.89503097]\n",
      " [0.84216303 0.85499044 0.80375337 0.85966042 0.78284073 0.78326626\n",
      "  0.9101707  0.         0.88982846 0.7808468  0.88477914 0.89898233\n",
      "  0.82845557 0.79701959 0.83970735 0.81196487 0.79246047 0.85139955\n",
      "  0.8022342  0.82630938 0.83014149 0.85324938 0.80296433 0.91134437\n",
      "  0.75644428 0.87511606 0.83039097 0.85800682]\n",
      " [0.75378438 0.92543768 0.96118867 0.87295638 0.86832588 0.71493277\n",
      "  0.8776178  0.88982846 0.         0.57365834 0.5950736  0.48960943\n",
      "  0.43448188 0.42420827 0.80649626 0.58364991 0.5998364  0.67938362\n",
      "  0.56475663 0.60830121 0.61405111 0.62293711 0.67830291 0.69032078\n",
      "  0.6729269  0.56251745 0.78850269 0.65769308]\n",
      " [0.71187572 0.84148211 0.88916756 0.82559115 0.8338437  0.69005428\n",
      "  0.87993216 0.7808468  0.57365834 0.         0.69449378 0.6737423\n",
      "  0.5526129  0.50100828 0.63838922 0.62279729 0.57501703 0.70705012\n",
      "  0.62641498 0.67214533 0.6495517  0.6909276  0.70663239 0.78139461\n",
      "  0.6479544  0.73145349 0.70933858 0.73294558]\n",
      " [0.79188839 1.         0.99868146 0.92223683 0.9235285  0.81262645\n",
      "  0.96340483 0.88477914 0.5950736  0.69449378 0.         0.69974896\n",
      "  0.54927791 0.61880249 0.87047535 0.61013592 0.63373417 0.69942155\n",
      "  0.58616699 0.60294828 0.64980346 0.66230546 0.66237558 0.80772923\n",
      "  0.76155247 0.71338293 0.77367078 0.70608567]\n",
      " [0.79487836 0.94289396 0.97485735 0.89654902 0.88581184 0.73383035\n",
      "  0.90125868 0.89898233 0.48960943 0.6737423  0.69974896 0.\n",
      "  0.58797661 0.52618597 0.82243404 0.63413328 0.64722471 0.65412007\n",
      "  0.61910961 0.61310008 0.61555282 0.63989782 0.75343595 0.70955023\n",
      "  0.69767108 0.58373661 0.79004907 0.66575125]\n",
      " [0.73250853 0.89622341 0.92486271 0.84378184 0.83858384 0.68353385\n",
      "  0.86151643 0.82845557 0.43448188 0.5526129  0.54927791 0.58797661\n",
      "  0.         0.44311855 0.71132345 0.57261616 0.57038201 0.67317508\n",
      "  0.55782952 0.6204454  0.61690272 0.62192438 0.65989906 0.71351702\n",
      "  0.63429328 0.59201514 0.72121991 0.6550971 ]\n",
      " [0.70908639 0.86561646 0.90731613 0.81882367 0.81828744 0.64937291\n",
      "  0.8460348  0.79701959 0.42420827 0.50100828 0.61880249 0.52618597\n",
      "  0.44311855 0.         0.70281398 0.56722035 0.56845155 0.64663008\n",
      "  0.54665985 0.59157908 0.60006466 0.60579545 0.6703516  0.715111\n",
      "  0.62717957 0.58642682 0.70581722 0.65223057]\n",
      " [0.7118078  0.80583983 0.85471622 0.8405678  0.8458425  0.73124229\n",
      "  0.92357524 0.83970735 0.80649626 0.63838922 0.87047535 0.82243404\n",
      "  0.71132345 0.70281398 0.         0.63886542 0.57277036 0.64286717\n",
      "  0.62818267 0.62619149 0.6272486  0.67426345 0.61966968 0.83180505\n",
      "  0.64349918 0.73853013 0.64567842 0.70879015]\n",
      " [0.62273053 0.79221877 0.82853344 0.77138483 0.77506123 0.63571441\n",
      "  0.81476047 0.81196487 0.58364991 0.62279729 0.61013592 0.63413328\n",
      "  0.57261616 0.56722035 0.63886542 0.         0.29712347 0.42650422\n",
      "  0.30005565 0.39443076 0.36804392 0.37964729 0.48355368 0.61358266\n",
      "  0.57930115 0.49884117 0.58224447 0.51435419]\n",
      " [0.61613167 0.77014227 0.81914915 0.76199082 0.7660158  0.62404911\n",
      "  0.81668697 0.79246047 0.5998364  0.57501703 0.63373417 0.64722471\n",
      "  0.57038201 0.56845155 0.57277036 0.29712347 0.         0.43911085\n",
      "  0.32123729 0.41336663 0.36676312 0.40327253 0.47411319 0.62662584\n",
      "  0.55474489 0.50714166 0.55792805 0.51642388]\n",
      " [0.70065273 0.83141207 0.83181105 0.8168213  0.80945932 0.69237371\n",
      "  0.8841201  0.85139955 0.67938362 0.70705012 0.69942155 0.65412007\n",
      "  0.67317508 0.64663008 0.64286717 0.42650422 0.43911085 0.\n",
      "  0.37714351 0.27886215 0.33644215 0.34179728 0.48257385 0.65143764\n",
      "  0.63106336 0.52059436 0.58436232 0.50400623]\n",
      " [0.60973328 0.7783333  0.79586043 0.74266    0.74627367 0.61302971\n",
      "  0.80654125 0.8022342  0.56475663 0.62641498 0.58616699 0.61910961\n",
      "  0.55782952 0.54665985 0.62818267 0.30005565 0.32123729 0.37714351\n",
      "  0.         0.32826012 0.35129726 0.36406518 0.47277986 0.60333663\n",
      "  0.57593488 0.47864593 0.57568229 0.49651665]\n",
      " [0.66111625 0.80298006 0.80371579 0.77333015 0.77199699 0.64594979\n",
      "  0.84503751 0.82630938 0.60830121 0.67214533 0.60294828 0.61310008\n",
      "  0.6204454  0.59157908 0.62619149 0.39443076 0.41336663 0.27886215\n",
      "  0.32826012 0.         0.32083028 0.33139493 0.49620907 0.61837375\n",
      "  0.59755165 0.47871503 0.59336432 0.4917133 ]\n",
      " [0.67051277 0.80689877 0.82928791 0.79386931 0.78805056 0.66268744\n",
      "  0.85128716 0.83014149 0.61405111 0.6495517  0.64980346 0.61555282\n",
      "  0.61690272 0.60006466 0.6272486  0.36804392 0.36676312 0.33644215\n",
      "  0.35129726 0.32083028 0.         0.33268835 0.47682968 0.63139652\n",
      "  0.58977913 0.49179705 0.57508788 0.48364862]\n",
      " [0.66616557 0.82264171 0.84311904 0.79937547 0.80313677 0.67433519\n",
      "  0.84879157 0.85324938 0.62293711 0.6909276  0.66230546 0.63989782\n",
      "  0.62192438 0.60579545 0.67426345 0.37964729 0.40327253 0.34179728\n",
      "  0.36406518 0.33139493 0.33268835 0.         0.47793959 0.62920998\n",
      "  0.61284349 0.50726959 0.6002659  0.51685078]\n",
      " [0.73419952 0.861535   0.89020563 0.8668343  0.86126413 0.74129366\n",
      "  0.90678599 0.80296433 0.67830291 0.70663239 0.66237558 0.75343595\n",
      "  0.65989906 0.6703516  0.61966968 0.48355368 0.47411319 0.48257385\n",
      "  0.47277986 0.49620907 0.47682968 0.47793959 0.         0.72368762\n",
      "  0.62317317 0.57823749 0.49069619 0.5389703 ]\n",
      " [0.72977577 0.84917269 0.87973229 0.8350328  0.83841722 0.73001352\n",
      "  0.84066456 0.91134437 0.69032078 0.78139461 0.80772923 0.70955023\n",
      "  0.71351702 0.715111   0.83180505 0.61358266 0.62662584 0.65143764\n",
      "  0.60333663 0.61837375 0.63139652 0.62920998 0.72368762 0.\n",
      "  0.59760886 0.55940651 0.74954949 0.6388291 ]\n",
      " [0.69036231 0.80123567 0.86278317 0.82272722 0.81504132 0.68334243\n",
      "  0.84294958 0.75644428 0.6729269  0.6479544  0.76155247 0.69767108\n",
      "  0.63429328 0.62717957 0.64349918 0.57930115 0.55474489 0.63106336\n",
      "  0.57593488 0.59755165 0.58977913 0.61284349 0.62317317 0.59760886\n",
      "  0.         0.58389612 0.63718138 0.59899011]\n",
      " [0.73251612 0.86065452 0.884566   0.83997822 0.82668614 0.7056717\n",
      "  0.86165281 0.87511606 0.56251745 0.73145349 0.71338293 0.58373661\n",
      "  0.59201514 0.58642682 0.73853013 0.49884117 0.50714166 0.52059436\n",
      "  0.47864593 0.47871503 0.49179705 0.50726959 0.57823749 0.55940651\n",
      "  0.58389612 0.         0.61199499 0.45500326]\n",
      " [0.77392166 0.89014606 0.91208675 0.89657785 0.89630659 0.77432754\n",
      "  0.95973272 0.83039097 0.78850269 0.70933858 0.77367078 0.79004907\n",
      "  0.72121991 0.70581722 0.64567842 0.58224447 0.55792805 0.58436232\n",
      "  0.57568229 0.59336432 0.57508788 0.6002659  0.49069619 0.74954949\n",
      "  0.63718138 0.61199499 0.         0.59003491]\n",
      " [0.75049205 0.87032844 0.90026273 0.86004787 0.85039342 0.7386358\n",
      "  0.89503097 0.85800682 0.65769308 0.73294558 0.70608567 0.66575125\n",
      "  0.6550971  0.65223057 0.70879015 0.51435419 0.51642388 0.50400623\n",
      "  0.49651665 0.4917133  0.48364862 0.51685078 0.5389703  0.6388291\n",
      "  0.59899011 0.45500326 0.59003491 0.        ]]\n"
     ]
    }
   ],
   "source": [
    "ds = dtw_ndim.distance_matrix(ts_list, use_c=True)\n",
    "ds = (ds - ds.min()) / (ds.max() - ds.min())\n",
    "print(ds)\n"
   ]
  },
  {
   "cell_type": "code",
   "execution_count": 5,
   "metadata": {},
   "outputs": [],
   "source": [
    "global_offsets = np.cumsum([0] + [len(ts) for ts in ts_list])\n",
    "l_min = 15\n",
    "l_max = 30\n",
    "rho = 0.8\n",
    "\n",
    "nb = None"
   ]
  },
  {
   "cell_type": "code",
   "execution_count": 6,
   "metadata": {},
   "outputs": [],
   "source": [
    "#ms = loconsensus.apply_loconsensus(ts_list, l_min, l_max, rho, nb, overlap=0.5)\n",
    "with open('../pickles/cm_single.pkl', 'rb') as handle:\n",
    "    ms = pickle.load(handle)"
   ]
  },
  {
   "cell_type": "code",
   "execution_count": 7,
   "metadata": {},
   "outputs": [
    {
     "name": "stdout",
     "output_type": "stream",
     "text": [
